0,53
17,3
18,3
19,3
20,3
5,3
0,6
0,5
12,301
0,409
12,300
12,299
0,408
12,298
13,27
0,407
12,297
12,296
0,406
12,295
0,405
12,294
0,404
12,293
10,17
12,292
0,403
12,291
0,402
12,290
12,289
0,401
12,288
13,26
0,400
10,5
10,6
12,287
12,286
0,399
12,12
12,285
0,398
12,284
12,283
0,397
12,282
0,396
12,281
12,280
0,395
12,279
0,394
12,278
12,277
0,393
12,276
0,392
12,275
12,274
0,391
13,25
12,273
11,1
11,7
11,0
0,390
12,272
12,271
0,389
12,270
0,388
12,66
12,6
12,18
12,8
12,269
0,387
12,268
12,267
0,386
12,266
0,385
12,265
12,264
0,384
12,263
0,383
12,262
12,261
0,382
12,260
0,381
12,259
12,258
10,16
0,380
12,257
0,379
12,256
13,24
12,255
0,378
12,5
12,254
0,377
12,253
0,376
12,252
12,251
0,375
13,23
12,250
0,374
12,249
0,373
12,248
12,247
0,372
13,5
13,4
13,6
13,7
12,246
0,371
12,245
12,244
0,370
12,243
0,369
12,242
12,241
0,368
13,1
13,22
13,0
12,240
0,367
12,239
0,366
12,238
12,237
0,365
12,236
10,4
0,364
12,235
10,15
12,234
0,363
12,233
0,362
12,232
12,231
0,361
12,230
13,2
13,3
10,1
10,14
10,2
10,0
